836
321
952
240
634
981
987
585
755
314
929
473
917
513
113
220
223
721
127
571
533
356
655
984
938
689
428
798
763
233
782
409
411
271
2
790
542
923
682
599
151
853
73
236
944
703
819
989
749
981
816
999
507
997
714
529
528
343
207
51
573
171
957
974
902
65
183
254
271
211
276
164
552
430
520
566
176
247
262
205
580
914
142
8
14
903
621
920
24
644
321
501
571
564
106
852
937
734
821
61
240
87
461
267
285
11
88
479
719
591
311
942
319
264
671
206
867
798
457
39
423
459
402
66
238
935
303
78
91
607
777
569
522
423
839
999
858
998
155
718
70
796
491
580
992
546
278
744
640
433
748
132
724
11
45
65
188
555
83
325
926
285
724
458
368
570
593
871
734
800
209
909
586
738
76
761
384
68
777
112
965
596
974
904
510
270
506
368
615
560
65
99
827
960
550
685
235
745
452
341
778
541
331
134
171
872
613
125
219
546
788
194
739
465
178
948
489
569
884
303
531
421
607
760
698
722
997
262
618
789
399
657
880
375
744
243
414
260
389
872
324
174
252
961
393
359
700
105
367
288
